# oST version 5.0 parameters


[image]

width
640

height
480

[narrow_stereo]

camera matrix
743.713166 0.000000 357.074649
0.000000 741.578446 268.849570
0.000000 0.000000 1.000000

distortion
0.165527 -0.049161 0.018356 0.027583 0.000000

rectification
1.000000 0.000000 0.000000
0.000000 1.000000 0.000000
0.000000 0.000000 1.000000

projection
771.231934 0.000000 366.077531 0.000000
0.000000 776.930054 272.891072 0.000000
0.000000 0.000000 1.000000 0.000000
